1 -0.000002 0.000001 0.010791 -0.000525 -0.000654 0.000194 1.000000 
2 -0.000002 0.000002 0.011266 -0.000541 -0.000655 0.000194 1.000000 
3 -0.000001 0.000001 0.010014 -0.000568 -0.000683 0.000181 1.000000 
4 -0.000003 0.000003 0.011476 -0.000575 -0.000594 0.000229 1.000000 
5 -0.000004 0.000004 0.013227 -0.000385 -0.000573 0.000173 1.000000 
6 0.000001 -0.000007 0.010594 -0.000304 -0.000459 0.000183 1.000000 
7 -0.002087 0.012105 0.009496 -0.000285 -0.000445 0.000223 1.000000 
8 0.000193 0.015516 0.009287 -0.000254 -0.000397 0.000194 1.000000 
9 -0.007310 0.013252 0.011218 -0.000323 -0.000536 0.000246 1.000000 
10 -0.002665 0.015279 0.012391 -0.000314 -0.000375 0.000288 1.000000 
11 -0.001163 0.013835 0.013085 -0.000355 -0.000500 0.000234 1.000000 
12 -0.002233 0.014087 0.012338 -0.000354 -0.000547 0.000211 1.000000 
13 -0.001944 0.014033 0.012695 -0.000416 -0.000598 0.000205 1.000000 
14 -0.002844 0.013710 0.012628 -0.000316 -0.000568 0.000216 1.000000 
